# IDAP 2026 MDC mobility trace
# area=300.0x300.0 m  speed=0.4 m/s  stripes=5
# warmup=1200.0s  drive=2400.0s  total=3600.0s
# waypoint path length=1680.0 m, minimum walk time=4200.0 s
# format: <mote_id> <time_s> <x_m> <y_m>
41 0.0 -100.000 -100.000
41 1200.0 -100.000 -100.000
41 1200.0 10.000 10.000
41 1201.0 10.400 10.000
41 1202.0 10.800 10.000
41 1203.0 11.200 10.000
41 1204.0 11.600 10.000
41 1205.0 12.000 10.000
41 1206.0 12.400 10.000
41 1207.0 12.800 10.000
41 1208.0 13.200 10.000
41 1209.0 13.600 10.000
41 1210.0 14.000 10.000
41 1211.0 14.400 10.000
41 1212.0 14.800 10.000
41 1213.0 15.200 10.000
41 1214.0 15.600 10.000
41 1215.0 16.000 10.000
41 1216.0 16.400 10.000
41 1217.0 16.800 10.000
41 1218.0 17.200 10.000
41 1219.0 17.600 10.000
41 1220.0 18.000 10.000
41 1221.0 18.400 10.000
41 1222.0 18.800 10.000
41 1223.0 19.200 10.000
41 1224.0 19.600 10.000
41 1225.0 20.000 10.000
41 1226.0 20.400 10.000
41 1227.0 20.800 10.000
41 1228.0 21.200 10.000
41 1229.0 21.600 10.000
41 1230.0 22.000 10.000
41 1231.0 22.400 10.000
41 1232.0 22.800 10.000
41 1233.0 23.200 10.000
41 1234.0 23.600 10.000
41 1235.0 24.000 10.000
41 1236.0 24.400 10.000
41 1237.0 24.800 10.000
41 1238.0 25.200 10.000
41 1239.0 25.600 10.000
41 1240.0 26.000 10.000
41 1241.0 26.400 10.000
41 1242.0 26.800 10.000
41 1243.0 27.200 10.000
41 1244.0 27.600 10.000
41 1245.0 28.000 10.000
41 1246.0 28.400 10.000
41 1247.0 28.800 10.000
41 1248.0 29.200 10.000
41 1249.0 29.600 10.000
41 1250.0 30.000 10.000
41 1251.0 30.400 10.000
41 1252.0 30.800 10.000
41 1253.0 31.200 10.000
41 1254.0 31.600 10.000
41 1255.0 32.000 10.000
41 1256.0 32.400 10.000
41 1257.0 32.800 10.000
41 1258.0 33.200 10.000
41 1259.0 33.600 10.000
41 1260.0 34.000 10.000
41 1261.0 34.400 10.000
41 1262.0 34.800 10.000
41 1263.0 35.200 10.000
41 1264.0 35.600 10.000
41 1265.0 36.000 10.000
41 1266.0 36.400 10.000
41 1267.0 36.800 10.000
41 1268.0 37.200 10.000
41 1269.0 37.600 10.000
41 1270.0 38.000 10.000
41 1271.0 38.400 10.000
41 1272.0 38.800 10.000
41 1273.0 39.200 10.000
41 1274.0 39.600 10.000
41 1275.0 40.000 10.000
41 1276.0 40.400 10.000
41 1277.0 40.800 10.000
41 1278.0 41.200 10.000
41 1279.0 41.600 10.000
41 1280.0 42.000 10.000
41 1281.0 42.400 10.000
41 1282.0 42.800 10.000
41 1283.0 43.200 10.000
41 1284.0 43.600 10.000
41 1285.0 44.000 10.000
41 1286.0 44.400 10.000
41 1287.0 44.800 10.000
41 1288.0 45.200 10.000
41 1289.0 45.600 10.000
41 1290.0 46.000 10.000
41 1291.0 46.400 10.000
41 1292.0 46.800 10.000
41 1293.0 47.200 10.000
41 1294.0 47.600 10.000
41 1295.0 48.000 10.000
41 1296.0 48.400 10.000
41 1297.0 48.800 10.000
41 1298.0 49.200 10.000
41 1299.0 49.600 10.000
41 1300.0 50.000 10.000
41 1301.0 50.400 10.000
41 1302.0 50.800 10.000
41 1303.0 51.200 10.000
41 1304.0 51.600 10.000
41 1305.0 52.000 10.000
41 1306.0 52.400 10.000
41 1307.0 52.800 10.000
41 1308.0 53.200 10.000
41 1309.0 53.600 10.000
41 1310.0 54.000 10.000
41 1311.0 54.400 10.000
41 1312.0 54.800 10.000
41 1313.0 55.200 10.000
41 1314.0 55.600 10.000
41 1315.0 56.000 10.000
41 1316.0 56.400 10.000
41 1317.0 56.800 10.000
41 1318.0 57.200 10.000
41 1319.0 57.600 10.000
41 1320.0 58.000 10.000
41 1321.0 58.400 10.000
41 1322.0 58.800 10.000
41 1323.0 59.200 10.000
41 1324.0 59.600 10.000
41 1325.0 60.000 10.000
41 1326.0 60.400 10.000
41 1327.0 60.800 10.000
41 1328.0 61.200 10.000
41 1329.0 61.600 10.000
41 1330.0 62.000 10.000
41 1331.0 62.400 10.000
41 1332.0 62.800 10.000
41 1333.0 63.200 10.000
41 1334.0 63.600 10.000
41 1335.0 64.000 10.000
41 1336.0 64.400 10.000
41 1337.0 64.800 10.000
41 1338.0 65.200 10.000
41 1339.0 65.600 10.000
41 1340.0 66.000 10.000
41 1341.0 66.400 10.000
41 1342.0 66.800 10.000
41 1343.0 67.200 10.000
41 1344.0 67.600 10.000
41 1345.0 68.000 10.000
41 1346.0 68.400 10.000
41 1347.0 68.800 10.000
41 1348.0 69.200 10.000
41 1349.0 69.600 10.000
41 1350.0 70.000 10.000
41 1351.0 70.400 10.000
41 1352.0 70.800 10.000
41 1353.0 71.200 10.000
41 1354.0 71.600 10.000
41 1355.0 72.000 10.000
41 1356.0 72.400 10.000
41 1357.0 72.800 10.000
41 1358.0 73.200 10.000
41 1359.0 73.600 10.000
41 1360.0 74.000 10.000
41 1361.0 74.400 10.000
41 1362.0 74.800 10.000
41 1363.0 75.200 10.000
41 1364.0 75.600 10.000
41 1365.0 76.000 10.000
41 1366.0 76.400 10.000
41 1367.0 76.800 10.000
41 1368.0 77.200 10.000
41 1369.0 77.600 10.000
41 1370.0 78.000 10.000
41 1371.0 78.400 10.000
41 1372.0 78.800 10.000
41 1373.0 79.200 10.000
41 1374.0 79.600 10.000
41 1375.0 80.000 10.000
41 1376.0 80.400 10.000
41 1377.0 80.800 10.000
41 1378.0 81.200 10.000
41 1379.0 81.600 10.000
41 1380.0 82.000 10.000
41 1381.0 82.400 10.000
41 1382.0 82.800 10.000
41 1383.0 83.200 10.000
41 1384.0 83.600 10.000
41 1385.0 84.000 10.000
41 1386.0 84.400 10.000
41 1387.0 84.800 10.000
41 1388.0 85.200 10.000
41 1389.0 85.600 10.000
41 1390.0 86.000 10.000
41 1391.0 86.400 10.000
41 1392.0 86.800 10.000
41 1393.0 87.200 10.000
41 1394.0 87.600 10.000
41 1395.0 88.000 10.000
41 1396.0 88.400 10.000
41 1397.0 88.800 10.000
41 1398.0 89.200 10.000
41 1399.0 89.600 10.000
41 1400.0 90.000 10.000
41 1401.0 90.400 10.000
41 1402.0 90.800 10.000
41 1403.0 91.200 10.000
41 1404.0 91.600 10.000
41 1405.0 92.000 10.000
41 1406.0 92.400 10.000
41 1407.0 92.800 10.000
41 1408.0 93.200 10.000
41 1409.0 93.600 10.000
41 1410.0 94.000 10.000
41 1411.0 94.400 10.000
41 1412.0 94.800 10.000
41 1413.0 95.200 10.000
41 1414.0 95.600 10.000
41 1415.0 96.000 10.000
41 1416.0 96.400 10.000
41 1417.0 96.800 10.000
41 1418.0 97.200 10.000
41 1419.0 97.600 10.000
41 1420.0 98.000 10.000
41 1421.0 98.400 10.000
41 1422.0 98.800 10.000
41 1423.0 99.200 10.000
41 1424.0 99.600 10.000
41 1425.0 100.000 10.000
41 1426.0 100.400 10.000
41 1427.0 100.800 10.000
41 1428.0 101.200 10.000
41 1429.0 101.600 10.000
41 1430.0 102.000 10.000
41 1431.0 102.400 10.000
41 1432.0 102.800 10.000
41 1433.0 103.200 10.000
41 1434.0 103.600 10.000
41 1435.0 104.000 10.000
41 1436.0 104.400 10.000
41 1437.0 104.800 10.000
41 1438.0 105.200 10.000
41 1439.0 105.600 10.000
41 1440.0 106.000 10.000
41 1441.0 106.400 10.000
41 1442.0 106.800 10.000
41 1443.0 107.200 10.000
41 1444.0 107.600 10.000
41 1445.0 108.000 10.000
41 1446.0 108.400 10.000
41 1447.0 108.800 10.000
41 1448.0 109.200 10.000
41 1449.0 109.600 10.000
41 1450.0 110.000 10.000
41 1451.0 110.400 10.000
41 1452.0 110.800 10.000
41 1453.0 111.200 10.000
41 1454.0 111.600 10.000
41 1455.0 112.000 10.000
41 1456.0 112.400 10.000
41 1457.0 112.800 10.000
41 1458.0 113.200 10.000
41 1459.0 113.600 10.000
41 1460.0 114.000 10.000
41 1461.0 114.400 10.000
41 1462.0 114.800 10.000
41 1463.0 115.200 10.000
41 1464.0 115.600 10.000
41 1465.0 116.000 10.000
41 1466.0 116.400 10.000
41 1467.0 116.800 10.000
41 1468.0 117.200 10.000
41 1469.0 117.600 10.000
41 1470.0 118.000 10.000
41 1471.0 118.400 10.000
41 1472.0 118.800 10.000
41 1473.0 119.200 10.000
41 1474.0 119.600 10.000
41 1475.0 120.000 10.000
41 1476.0 120.400 10.000
41 1477.0 120.800 10.000
41 1478.0 121.200 10.000
41 1479.0 121.600 10.000
41 1480.0 122.000 10.000
41 1481.0 122.400 10.000
41 1482.0 122.800 10.000
41 1483.0 123.200 10.000
41 1484.0 123.600 10.000
41 1485.0 124.000 10.000
41 1486.0 124.400 10.000
41 1487.0 124.800 10.000
41 1488.0 125.200 10.000
41 1489.0 125.600 10.000
41 1490.0 126.000 10.000
41 1491.0 126.400 10.000
41 1492.0 126.800 10.000
41 1493.0 127.200 10.000
41 1494.0 127.600 10.000
41 1495.0 128.000 10.000
41 1496.0 128.400 10.000
41 1497.0 128.800 10.000
41 1498.0 129.200 10.000
41 1499.0 129.600 10.000
41 1500.0 130.000 10.000
41 1501.0 130.400 10.000
41 1502.0 130.800 10.000
41 1503.0 131.200 10.000
41 1504.0 131.600 10.000
41 1505.0 132.000 10.000
41 1506.0 132.400 10.000
41 1507.0 132.800 10.000
41 1508.0 133.200 10.000
41 1509.0 133.600 10.000
41 1510.0 134.000 10.000
41 1511.0 134.400 10.000
41 1512.0 134.800 10.000
41 1513.0 135.200 10.000
41 1514.0 135.600 10.000
41 1515.0 136.000 10.000
41 1516.0 136.400 10.000
41 1517.0 136.800 10.000
41 1518.0 137.200 10.000
41 1519.0 137.600 10.000
41 1520.0 138.000 10.000
41 1521.0 138.400 10.000
41 1522.0 138.800 10.000
41 1523.0 139.200 10.000
41 1524.0 139.600 10.000
41 1525.0 140.000 10.000
41 1526.0 140.400 10.000
41 1527.0 140.800 10.000
41 1528.0 141.200 10.000
41 1529.0 141.600 10.000
41 1530.0 142.000 10.000
41 1531.0 142.400 10.000
41 1532.0 142.800 10.000
41 1533.0 143.200 10.000
41 1534.0 143.600 10.000
41 1535.0 144.000 10.000
41 1536.0 144.400 10.000
41 1537.0 144.800 10.000
41 1538.0 145.200 10.000
41 1539.0 145.600 10.000
41 1540.0 146.000 10.000
41 1541.0 146.400 10.000
41 1542.0 146.800 10.000
41 1543.0 147.200 10.000
41 1544.0 147.600 10.000
41 1545.0 148.000 10.000
41 1546.0 148.400 10.000
41 1547.0 148.800 10.000
41 1548.0 149.200 10.000
41 1549.0 149.600 10.000
41 1550.0 150.000 10.000
41 1551.0 150.400 10.000
41 1552.0 150.800 10.000
41 1553.0 151.200 10.000
41 1554.0 151.600 10.000
41 1555.0 152.000 10.000
41 1556.0 152.400 10.000
41 1557.0 152.800 10.000
41 1558.0 153.200 10.000
41 1559.0 153.600 10.000
41 1560.0 154.000 10.000
41 1561.0 154.400 10.000
41 1562.0 154.800 10.000
41 1563.0 155.200 10.000
41 1564.0 155.600 10.000
41 1565.0 156.000 10.000
41 1566.0 156.400 10.000
41 1567.0 156.800 10.000
41 1568.0 157.200 10.000
41 1569.0 157.600 10.000
41 1570.0 158.000 10.000
41 1571.0 158.400 10.000
41 1572.0 158.800 10.000
41 1573.0 159.200 10.000
41 1574.0 159.600 10.000
41 1575.0 160.000 10.000
41 1576.0 160.400 10.000
41 1577.0 160.800 10.000
41 1578.0 161.200 10.000
41 1579.0 161.600 10.000
41 1580.0 162.000 10.000
41 1581.0 162.400 10.000
41 1582.0 162.800 10.000
41 1583.0 163.200 10.000
41 1584.0 163.600 10.000
41 1585.0 164.000 10.000
41 1586.0 164.400 10.000
41 1587.0 164.800 10.000
41 1588.0 165.200 10.000
41 1589.0 165.600 10.000
41 1590.0 166.000 10.000
41 1591.0 166.400 10.000
41 1592.0 166.800 10.000
41 1593.0 167.200 10.000
41 1594.0 167.600 10.000
41 1595.0 168.000 10.000
41 1596.0 168.400 10.000
41 1597.0 168.800 10.000
41 1598.0 169.200 10.000
41 1599.0 169.600 10.000
41 1600.0 170.000 10.000
41 1601.0 170.400 10.000
41 1602.0 170.800 10.000
41 1603.0 171.200 10.000
41 1604.0 171.600 10.000
41 1605.0 172.000 10.000
41 1606.0 172.400 10.000
41 1607.0 172.800 10.000
41 1608.0 173.200 10.000
41 1609.0 173.600 10.000
41 1610.0 174.000 10.000
41 1611.0 174.400 10.000
41 1612.0 174.800 10.000
41 1613.0 175.200 10.000
41 1614.0 175.600 10.000
41 1615.0 176.000 10.000
41 1616.0 176.400 10.000
41 1617.0 176.800 10.000
41 1618.0 177.200 10.000
41 1619.0 177.600 10.000
41 1620.0 178.000 10.000
41 1621.0 178.400 10.000
41 1622.0 178.800 10.000
41 1623.0 179.200 10.000
41 1624.0 179.600 10.000
41 1625.0 180.000 10.000
41 1626.0 180.400 10.000
41 1627.0 180.800 10.000
41 1628.0 181.200 10.000
41 1629.0 181.600 10.000
41 1630.0 182.000 10.000
41 1631.0 182.400 10.000
41 1632.0 182.800 10.000
41 1633.0 183.200 10.000
41 1634.0 183.600 10.000
41 1635.0 184.000 10.000
41 1636.0 184.400 10.000
41 1637.0 184.800 10.000
41 1638.0 185.200 10.000
41 1639.0 185.600 10.000
41 1640.0 186.000 10.000
41 1641.0 186.400 10.000
41 1642.0 186.800 10.000
41 1643.0 187.200 10.000
41 1644.0 187.600 10.000
41 1645.0 188.000 10.000
41 1646.0 188.400 10.000
41 1647.0 188.800 10.000
41 1648.0 189.200 10.000
41 1649.0 189.600 10.000
41 1650.0 190.000 10.000
41 1651.0 190.400 10.000
41 1652.0 190.800 10.000
41 1653.0 191.200 10.000
41 1654.0 191.600 10.000
41 1655.0 192.000 10.000
41 1656.0 192.400 10.000
41 1657.0 192.800 10.000
41 1658.0 193.200 10.000
41 1659.0 193.600 10.000
41 1660.0 194.000 10.000
41 1661.0 194.400 10.000
41 1662.0 194.800 10.000
41 1663.0 195.200 10.000
41 1664.0 195.600 10.000
41 1665.0 196.000 10.000
41 1666.0 196.400 10.000
41 1667.0 196.800 10.000
41 1668.0 197.200 10.000
41 1669.0 197.600 10.000
41 1670.0 198.000 10.000
41 1671.0 198.400 10.000
41 1672.0 198.800 10.000
41 1673.0 199.200 10.000
41 1674.0 199.600 10.000
41 1675.0 200.000 10.000
41 1676.0 200.400 10.000
41 1677.0 200.800 10.000
41 1678.0 201.200 10.000
41 1679.0 201.600 10.000
41 1680.0 202.000 10.000
41 1681.0 202.400 10.000
41 1682.0 202.800 10.000
41 1683.0 203.200 10.000
41 1684.0 203.600 10.000
41 1685.0 204.000 10.000
41 1686.0 204.400 10.000
41 1687.0 204.800 10.000
41 1688.0 205.200 10.000
41 1689.0 205.600 10.000
41 1690.0 206.000 10.000
41 1691.0 206.400 10.000
41 1692.0 206.800 10.000
41 1693.0 207.200 10.000
41 1694.0 207.600 10.000
41 1695.0 208.000 10.000
41 1696.0 208.400 10.000
41 1697.0 208.800 10.000
41 1698.0 209.200 10.000
41 1699.0 209.600 10.000
41 1700.0 210.000 10.000
41 1701.0 210.400 10.000
41 1702.0 210.800 10.000
41 1703.0 211.200 10.000
41 1704.0 211.600 10.000
41 1705.0 212.000 10.000
41 1706.0 212.400 10.000
41 1707.0 212.800 10.000
41 1708.0 213.200 10.000
41 1709.0 213.600 10.000
41 1710.0 214.000 10.000
41 1711.0 214.400 10.000
41 1712.0 214.800 10.000
41 1713.0 215.200 10.000
41 1714.0 215.600 10.000
41 1715.0 216.000 10.000
41 1716.0 216.400 10.000
41 1717.0 216.800 10.000
41 1718.0 217.200 10.000
41 1719.0 217.600 10.000
41 1720.0 218.000 10.000
41 1721.0 218.400 10.000
41 1722.0 218.800 10.000
41 1723.0 219.200 10.000
41 1724.0 219.600 10.000
41 1725.0 220.000 10.000
41 1726.0 220.400 10.000
41 1727.0 220.800 10.000
41 1728.0 221.200 10.000
41 1729.0 221.600 10.000
41 1730.0 222.000 10.000
41 1731.0 222.400 10.000
41 1732.0 222.800 10.000
41 1733.0 223.200 10.000
41 1734.0 223.600 10.000
41 1735.0 224.000 10.000
41 1736.0 224.400 10.000
41 1737.0 224.800 10.000
41 1738.0 225.200 10.000
41 1739.0 225.600 10.000
41 1740.0 226.000 10.000
41 1741.0 226.400 10.000
41 1742.0 226.800 10.000
41 1743.0 227.200 10.000
41 1744.0 227.600 10.000
41 1745.0 228.000 10.000
41 1746.0 228.400 10.000
41 1747.0 228.800 10.000
41 1748.0 229.200 10.000
41 1749.0 229.600 10.000
41 1750.0 230.000 10.000
41 1751.0 230.400 10.000
41 1752.0 230.800 10.000
41 1753.0 231.200 10.000
41 1754.0 231.600 10.000
41 1755.0 232.000 10.000
41 1756.0 232.400 10.000
41 1757.0 232.800 10.000
41 1758.0 233.200 10.000
41 1759.0 233.600 10.000
41 1760.0 234.000 10.000
41 1761.0 234.400 10.000
41 1762.0 234.800 10.000
41 1763.0 235.200 10.000
41 1764.0 235.600 10.000
41 1765.0 236.000 10.000
41 1766.0 236.400 10.000
41 1767.0 236.800 10.000
41 1768.0 237.200 10.000
41 1769.0 237.600 10.000
41 1770.0 238.000 10.000
41 1771.0 238.400 10.000
41 1772.0 238.800 10.000
41 1773.0 239.200 10.000
41 1774.0 239.600 10.000
41 1775.0 240.000 10.000
41 1776.0 240.400 10.000
41 1777.0 240.800 10.000
41 1778.0 241.200 10.000
41 1779.0 241.600 10.000
41 1780.0 242.000 10.000
41 1781.0 242.400 10.000
41 1782.0 242.800 10.000
41 1783.0 243.200 10.000
41 1784.0 243.600 10.000
41 1785.0 244.000 10.000
41 1786.0 244.400 10.000
41 1787.0 244.800 10.000
41 1788.0 245.200 10.000
41 1789.0 245.600 10.000
41 1790.0 246.000 10.000
41 1791.0 246.400 10.000
41 1792.0 246.800 10.000
41 1793.0 247.200 10.000
41 1794.0 247.600 10.000
41 1795.0 248.000 10.000
41 1796.0 248.400 10.000
41 1797.0 248.800 10.000
41 1798.0 249.200 10.000
41 1799.0 249.600 10.000
41 1800.0 250.000 10.000
41 1801.0 250.400 10.000
41 1802.0 250.800 10.000
41 1803.0 251.200 10.000
41 1804.0 251.600 10.000
41 1805.0 252.000 10.000
41 1806.0 252.400 10.000
41 1807.0 252.800 10.000
41 1808.0 253.200 10.000
41 1809.0 253.600 10.000
41 1810.0 254.000 10.000
41 1811.0 254.400 10.000
41 1812.0 254.800 10.000
41 1813.0 255.200 10.000
41 1814.0 255.600 10.000
41 1815.0 256.000 10.000
41 1816.0 256.400 10.000
41 1817.0 256.800 10.000
41 1818.0 257.200 10.000
41 1819.0 257.600 10.000
41 1820.0 258.000 10.000
41 1821.0 258.400 10.000
41 1822.0 258.800 10.000
41 1823.0 259.200 10.000
41 1824.0 259.600 10.000
41 1825.0 260.000 10.000
41 1826.0 260.400 10.000
41 1827.0 260.800 10.000
41 1828.0 261.200 10.000
41 1829.0 261.600 10.000
41 1830.0 262.000 10.000
41 1831.0 262.400 10.000
41 1832.0 262.800 10.000
41 1833.0 263.200 10.000
41 1834.0 263.600 10.000
41 1835.0 264.000 10.000
41 1836.0 264.400 10.000
41 1837.0 264.800 10.000
41 1838.0 265.200 10.000
41 1839.0 265.600 10.000
41 1840.0 266.000 10.000
41 1841.0 266.400 10.000
41 1842.0 266.800 10.000
41 1843.0 267.200 10.000
41 1844.0 267.600 10.000
41 1845.0 268.000 10.000
41 1846.0 268.400 10.000
41 1847.0 268.800 10.000
41 1848.0 269.200 10.000
41 1849.0 269.600 10.000
41 1850.0 270.000 10.000
41 1851.0 270.400 10.000
41 1852.0 270.800 10.000
41 1853.0 271.200 10.000
41 1854.0 271.600 10.000
41 1855.0 272.000 10.000
41 1856.0 272.400 10.000
41 1857.0 272.800 10.000
41 1858.0 273.200 10.000
41 1859.0 273.600 10.000
41 1860.0 274.000 10.000
41 1861.0 274.400 10.000
41 1862.0 274.800 10.000
41 1863.0 275.200 10.000
41 1864.0 275.600 10.000
41 1865.0 276.000 10.000
41 1866.0 276.400 10.000
41 1867.0 276.800 10.000
41 1868.0 277.200 10.000
41 1869.0 277.600 10.000
41 1870.0 278.000 10.000
41 1871.0 278.400 10.000
41 1872.0 278.800 10.000
41 1873.0 279.200 10.000
41 1874.0 279.600 10.000
41 1875.0 280.000 10.000
41 1876.0 280.400 10.000
41 1877.0 280.800 10.000
41 1878.0 281.200 10.000
41 1879.0 281.600 10.000
41 1880.0 282.000 10.000
41 1881.0 282.400 10.000
41 1882.0 282.800 10.000
41 1883.0 283.200 10.000
41 1884.0 283.600 10.000
41 1885.0 284.000 10.000
41 1886.0 284.400 10.000
41 1887.0 284.800 10.000
41 1888.0 285.200 10.000
41 1889.0 285.600 10.000
41 1890.0 286.000 10.000
41 1891.0 286.400 10.000
41 1892.0 286.800 10.000
41 1893.0 287.200 10.000
41 1894.0 287.600 10.000
41 1895.0 288.000 10.000
41 1896.0 288.400 10.000
41 1897.0 288.800 10.000
41 1898.0 289.200 10.000
41 1899.0 289.600 10.000
41 1900.0 290.000 10.000
41 1901.0 290.000 10.400
41 1902.0 290.000 10.800
41 1903.0 290.000 11.200
41 1904.0 290.000 11.600
41 1905.0 290.000 12.000
41 1906.0 290.000 12.400
41 1907.0 290.000 12.800
41 1908.0 290.000 13.200
41 1909.0 290.000 13.600
41 1910.0 290.000 14.000
41 1911.0 290.000 14.400
41 1912.0 290.000 14.800
41 1913.0 290.000 15.200
41 1914.0 290.000 15.600
41 1915.0 290.000 16.000
41 1916.0 290.000 16.400
41 1917.0 290.000 16.800
41 1918.0 290.000 17.200
41 1919.0 290.000 17.600
41 1920.0 290.000 18.000
41 1921.0 290.000 18.400
41 1922.0 290.000 18.800
41 1923.0 290.000 19.200
41 1924.0 290.000 19.600
41 1925.0 290.000 20.000
41 1926.0 290.000 20.400
41 1927.0 290.000 20.800
41 1928.0 290.000 21.200
41 1929.0 290.000 21.600
41 1930.0 290.000 22.000
41 1931.0 290.000 22.400
41 1932.0 290.000 22.800
41 1933.0 290.000 23.200
41 1934.0 290.000 23.600
41 1935.0 290.000 24.000
41 1936.0 290.000 24.400
41 1937.0 290.000 24.800
41 1938.0 290.000 25.200
41 1939.0 290.000 25.600
41 1940.0 290.000 26.000
41 1941.0 290.000 26.400
41 1942.0 290.000 26.800
41 1943.0 290.000 27.200
41 1944.0 290.000 27.600
41 1945.0 290.000 28.000
41 1946.0 290.000 28.400
41 1947.0 290.000 28.800
41 1948.0 290.000 29.200
41 1949.0 290.000 29.600
41 1950.0 290.000 30.000
41 1951.0 290.000 30.400
41 1952.0 290.000 30.800
41 1953.0 290.000 31.200
41 1954.0 290.000 31.600
41 1955.0 290.000 32.000
41 1956.0 290.000 32.400
41 1957.0 290.000 32.800
41 1958.0 290.000 33.200
41 1959.0 290.000 33.600
41 1960.0 290.000 34.000
41 1961.0 290.000 34.400
41 1962.0 290.000 34.800
41 1963.0 290.000 35.200
41 1964.0 290.000 35.600
41 1965.0 290.000 36.000
41 1966.0 290.000 36.400
41 1967.0 290.000 36.800
41 1968.0 290.000 37.200
41 1969.0 290.000 37.600
41 1970.0 290.000 38.000
41 1971.0 290.000 38.400
41 1972.0 290.000 38.800
41 1973.0 290.000 39.200
41 1974.0 290.000 39.600
41 1975.0 290.000 40.000
41 1976.0 290.000 40.400
41 1977.0 290.000 40.800
41 1978.0 290.000 41.200
41 1979.0 290.000 41.600
41 1980.0 290.000 42.000
41 1981.0 290.000 42.400
41 1982.0 290.000 42.800
41 1983.0 290.000 43.200
41 1984.0 290.000 43.600
41 1985.0 290.000 44.000
41 1986.0 290.000 44.400
41 1987.0 290.000 44.800
41 1988.0 290.000 45.200
41 1989.0 290.000 45.600
41 1990.0 290.000 46.000
41 1991.0 290.000 46.400
41 1992.0 290.000 46.800
41 1993.0 290.000 47.200
41 1994.0 290.000 47.600
41 1995.0 290.000 48.000
41 1996.0 290.000 48.400
41 1997.0 290.000 48.800
41 1998.0 290.000 49.200
41 1999.0 290.000 49.600
41 2000.0 290.000 50.000
41 2001.0 290.000 50.400
41 2002.0 290.000 50.800
41 2003.0 290.000 51.200
41 2004.0 290.000 51.600
41 2005.0 290.000 52.000
41 2006.0 290.000 52.400
41 2007.0 290.000 52.800
41 2008.0 290.000 53.200
41 2009.0 290.000 53.600
41 2010.0 290.000 54.000
41 2011.0 290.000 54.400
41 2012.0 290.000 54.800
41 2013.0 290.000 55.200
41 2014.0 290.000 55.600
41 2015.0 290.000 56.000
41 2016.0 290.000 56.400
41 2017.0 290.000 56.800
41 2018.0 290.000 57.200
41 2019.0 290.000 57.600
41 2020.0 290.000 58.000
41 2021.0 290.000 58.400
41 2022.0 290.000 58.800
41 2023.0 290.000 59.200
41 2024.0 290.000 59.600
41 2025.0 290.000 60.000
41 2026.0 290.000 60.400
41 2027.0 290.000 60.800
41 2028.0 290.000 61.200
41 2029.0 290.000 61.600
41 2030.0 290.000 62.000
41 2031.0 290.000 62.400
41 2032.0 290.000 62.800
41 2033.0 290.000 63.200
41 2034.0 290.000 63.600
41 2035.0 290.000 64.000
41 2036.0 290.000 64.400
41 2037.0 290.000 64.800
41 2038.0 290.000 65.200
41 2039.0 290.000 65.600
41 2040.0 290.000 66.000
41 2041.0 290.000 66.400
41 2042.0 290.000 66.800
41 2043.0 290.000 67.200
41 2044.0 290.000 67.600
41 2045.0 290.000 68.000
41 2046.0 290.000 68.400
41 2047.0 290.000 68.800
41 2048.0 290.000 69.200
41 2049.0 290.000 69.600
41 2050.0 290.000 70.000
41 2051.0 290.000 70.400
41 2052.0 290.000 70.800
41 2053.0 290.000 71.200
41 2054.0 290.000 71.600
41 2055.0 290.000 72.000
41 2056.0 290.000 72.400
41 2057.0 290.000 72.800
41 2058.0 290.000 73.200
41 2059.0 290.000 73.600
41 2060.0 290.000 74.000
41 2061.0 290.000 74.400
41 2062.0 290.000 74.800
41 2063.0 290.000 75.200
41 2064.0 290.000 75.600
41 2065.0 290.000 76.000
41 2066.0 290.000 76.400
41 2067.0 290.000 76.800
41 2068.0 290.000 77.200
41 2069.0 290.000 77.600
41 2070.0 290.000 78.000
41 2071.0 290.000 78.400
41 2072.0 290.000 78.800
41 2073.0 290.000 79.200
41 2074.0 290.000 79.600
41 2075.0 290.000 80.000
41 2076.0 289.600 80.000
41 2077.0 289.200 80.000
41 2078.0 288.800 80.000
41 2079.0 288.400 80.000
41 2080.0 288.000 80.000
41 2081.0 287.600 80.000
41 2082.0 287.200 80.000
41 2083.0 286.800 80.000
41 2084.0 286.400 80.000
41 2085.0 286.000 80.000
41 2086.0 285.600 80.000
41 2087.0 285.200 80.000
41 2088.0 284.800 80.000
41 2089.0 284.400 80.000
41 2090.0 284.000 80.000
41 2091.0 283.600 80.000
41 2092.0 283.200 80.000
41 2093.0 282.800 80.000
41 2094.0 282.400 80.000
41 2095.0 282.000 80.000
41 2096.0 281.600 80.000
41 2097.0 281.200 80.000
41 2098.0 280.800 80.000
41 2099.0 280.400 80.000
41 2100.0 280.000 80.000
41 2101.0 279.600 80.000
41 2102.0 279.200 80.000
41 2103.0 278.800 80.000
41 2104.0 278.400 80.000
41 2105.0 278.000 80.000
41 2106.0 277.600 80.000
41 2107.0 277.200 80.000
41 2108.0 276.800 80.000
41 2109.0 276.400 80.000
41 2110.0 276.000 80.000
41 2111.0 275.600 80.000
41 2112.0 275.200 80.000
41 2113.0 274.800 80.000
41 2114.0 274.400 80.000
41 2115.0 274.000 80.000
41 2116.0 273.600 80.000
41 2117.0 273.200 80.000
41 2118.0 272.800 80.000
41 2119.0 272.400 80.000
41 2120.0 272.000 80.000
41 2121.0 271.600 80.000
41 2122.0 271.200 80.000
41 2123.0 270.800 80.000
41 2124.0 270.400 80.000
41 2125.0 270.000 80.000
41 2126.0 269.600 80.000
41 2127.0 269.200 80.000
41 2128.0 268.800 80.000
41 2129.0 268.400 80.000
41 2130.0 268.000 80.000
41 2131.0 267.600 80.000
41 2132.0 267.200 80.000
41 2133.0 266.800 80.000
41 2134.0 266.400 80.000
41 2135.0 266.000 80.000
41 2136.0 265.600 80.000
41 2137.0 265.200 80.000
41 2138.0 264.800 80.000
41 2139.0 264.400 80.000
41 2140.0 264.000 80.000
41 2141.0 263.600 80.000
41 2142.0 263.200 80.000
41 2143.0 262.800 80.000
41 2144.0 262.400 80.000
41 2145.0 262.000 80.000
41 2146.0 261.600 80.000
41 2147.0 261.200 80.000
41 2148.0 260.800 80.000
41 2149.0 260.400 80.000
41 2150.0 260.000 80.000
41 2151.0 259.600 80.000
41 2152.0 259.200 80.000
41 2153.0 258.800 80.000
41 2154.0 258.400 80.000
41 2155.0 258.000 80.000
41 2156.0 257.600 80.000
41 2157.0 257.200 80.000
41 2158.0 256.800 80.000
41 2159.0 256.400 80.000
41 2160.0 256.000 80.000
41 2161.0 255.600 80.000
41 2162.0 255.200 80.000
41 2163.0 254.800 80.000
41 2164.0 254.400 80.000
41 2165.0 254.000 80.000
41 2166.0 253.600 80.000
41 2167.0 253.200 80.000
41 2168.0 252.800 80.000
41 2169.0 252.400 80.000
41 2170.0 252.000 80.000
41 2171.0 251.600 80.000
41 2172.0 251.200 80.000
41 2173.0 250.800 80.000
41 2174.0 250.400 80.000
41 2175.0 250.000 80.000
41 2176.0 249.600 80.000
41 2177.0 249.200 80.000
41 2178.0 248.800 80.000
41 2179.0 248.400 80.000
41 2180.0 248.000 80.000
41 2181.0 247.600 80.000
41 2182.0 247.200 80.000
41 2183.0 246.800 80.000
41 2184.0 246.400 80.000
41 2185.0 246.000 80.000
41 2186.0 245.600 80.000
41 2187.0 245.200 80.000
41 2188.0 244.800 80.000
41 2189.0 244.400 80.000
41 2190.0 244.000 80.000
41 2191.0 243.600 80.000
41 2192.0 243.200 80.000
41 2193.0 242.800 80.000
41 2194.0 242.400 80.000
41 2195.0 242.000 80.000
41 2196.0 241.600 80.000
41 2197.0 241.200 80.000
41 2198.0 240.800 80.000
41 2199.0 240.400 80.000
41 2200.0 240.000 80.000
41 2201.0 239.600 80.000
41 2202.0 239.200 80.000
41 2203.0 238.800 80.000
41 2204.0 238.400 80.000
41 2205.0 238.000 80.000
41 2206.0 237.600 80.000
41 2207.0 237.200 80.000
41 2208.0 236.800 80.000
41 2209.0 236.400 80.000
41 2210.0 236.000 80.000
41 2211.0 235.600 80.000
41 2212.0 235.200 80.000
41 2213.0 234.800 80.000
41 2214.0 234.400 80.000
41 2215.0 234.000 80.000
41 2216.0 233.600 80.000
41 2217.0 233.200 80.000
41 2218.0 232.800 80.000
41 2219.0 232.400 80.000
41 2220.0 232.000 80.000
41 2221.0 231.600 80.000
41 2222.0 231.200 80.000
41 2223.0 230.800 80.000
41 2224.0 230.400 80.000
41 2225.0 230.000 80.000
41 2226.0 229.600 80.000
41 2227.0 229.200 80.000
41 2228.0 228.800 80.000
41 2229.0 228.400 80.000
41 2230.0 228.000 80.000
41 2231.0 227.600 80.000
41 2232.0 227.200 80.000
41 2233.0 226.800 80.000
41 2234.0 226.400 80.000
41 2235.0 226.000 80.000
41 2236.0 225.600 80.000
41 2237.0 225.200 80.000
41 2238.0 224.800 80.000
41 2239.0 224.400 80.000
41 2240.0 224.000 80.000
41 2241.0 223.600 80.000
41 2242.0 223.200 80.000
41 2243.0 222.800 80.000
41 2244.0 222.400 80.000
41 2245.0 222.000 80.000
41 2246.0 221.600 80.000
41 2247.0 221.200 80.000
41 2248.0 220.800 80.000
41 2249.0 220.400 80.000
41 2250.0 220.000 80.000
41 2251.0 219.600 80.000
41 2252.0 219.200 80.000
41 2253.0 218.800 80.000
41 2254.0 218.400 80.000
41 2255.0 218.000 80.000
41 2256.0 217.600 80.000
41 2257.0 217.200 80.000
41 2258.0 216.800 80.000
41 2259.0 216.400 80.000
41 2260.0 216.000 80.000
41 2261.0 215.600 80.000
41 2262.0 215.200 80.000
41 2263.0 214.800 80.000
41 2264.0 214.400 80.000
41 2265.0 214.000 80.000
41 2266.0 213.600 80.000
41 2267.0 213.200 80.000
41 2268.0 212.800 80.000
41 2269.0 212.400 80.000
41 2270.0 212.000 80.000
41 2271.0 211.600 80.000
41 2272.0 211.200 80.000
41 2273.0 210.800 80.000
41 2274.0 210.400 80.000
41 2275.0 210.000 80.000
41 2276.0 209.600 80.000
41 2277.0 209.200 80.000
41 2278.0 208.800 80.000
41 2279.0 208.400 80.000
41 2280.0 208.000 80.000
41 2281.0 207.600 80.000
41 2282.0 207.200 80.000
41 2283.0 206.800 80.000
41 2284.0 206.400 80.000
41 2285.0 206.000 80.000
41 2286.0 205.600 80.000
41 2287.0 205.200 80.000
41 2288.0 204.800 80.000
41 2289.0 204.400 80.000
41 2290.0 204.000 80.000
41 2291.0 203.600 80.000
41 2292.0 203.200 80.000
41 2293.0 202.800 80.000
41 2294.0 202.400 80.000
41 2295.0 202.000 80.000
41 2296.0 201.600 80.000
41 2297.0 201.200 80.000
41 2298.0 200.800 80.000
41 2299.0 200.400 80.000
41 2300.0 200.000 80.000
41 2301.0 199.600 80.000
41 2302.0 199.200 80.000
41 2303.0 198.800 80.000
41 2304.0 198.400 80.000
41 2305.0 198.000 80.000
41 2306.0 197.600 80.000
41 2307.0 197.200 80.000
41 2308.0 196.800 80.000
41 2309.0 196.400 80.000
41 2310.0 196.000 80.000
41 2311.0 195.600 80.000
41 2312.0 195.200 80.000
41 2313.0 194.800 80.000
41 2314.0 194.400 80.000
41 2315.0 194.000 80.000
41 2316.0 193.600 80.000
41 2317.0 193.200 80.000
41 2318.0 192.800 80.000
41 2319.0 192.400 80.000
41 2320.0 192.000 80.000
41 2321.0 191.600 80.000
41 2322.0 191.200 80.000
41 2323.0 190.800 80.000
41 2324.0 190.400 80.000
41 2325.0 190.000 80.000
41 2326.0 189.600 80.000
41 2327.0 189.200 80.000
41 2328.0 188.800 80.000
41 2329.0 188.400 80.000
41 2330.0 188.000 80.000
41 2331.0 187.600 80.000
41 2332.0 187.200 80.000
41 2333.0 186.800 80.000
41 2334.0 186.400 80.000
41 2335.0 186.000 80.000
41 2336.0 185.600 80.000
41 2337.0 185.200 80.000
41 2338.0 184.800 80.000
41 2339.0 184.400 80.000
41 2340.0 184.000 80.000
41 2341.0 183.600 80.000
41 2342.0 183.200 80.000
41 2343.0 182.800 80.000
41 2344.0 182.400 80.000
41 2345.0 182.000 80.000
41 2346.0 181.600 80.000
41 2347.0 181.200 80.000
41 2348.0 180.800 80.000
41 2349.0 180.400 80.000
41 2350.0 180.000 80.000
41 2351.0 179.600 80.000
41 2352.0 179.200 80.000
41 2353.0 178.800 80.000
41 2354.0 178.400 80.000
41 2355.0 178.000 80.000
41 2356.0 177.600 80.000
41 2357.0 177.200 80.000
41 2358.0 176.800 80.000
41 2359.0 176.400 80.000
41 2360.0 176.000 80.000
41 2361.0 175.600 80.000
41 2362.0 175.200 80.000
41 2363.0 174.800 80.000
41 2364.0 174.400 80.000
41 2365.0 174.000 80.000
41 2366.0 173.600 80.000
41 2367.0 173.200 80.000
41 2368.0 172.800 80.000
41 2369.0 172.400 80.000
41 2370.0 172.000 80.000
41 2371.0 171.600 80.000
41 2372.0 171.200 80.000
41 2373.0 170.800 80.000
41 2374.0 170.400 80.000
41 2375.0 170.000 80.000
41 2376.0 169.600 80.000
41 2377.0 169.200 80.000
41 2378.0 168.800 80.000
41 2379.0 168.400 80.000
41 2380.0 168.000 80.000
41 2381.0 167.600 80.000
41 2382.0 167.200 80.000
41 2383.0 166.800 80.000
41 2384.0 166.400 80.000
41 2385.0 166.000 80.000
41 2386.0 165.600 80.000
41 2387.0 165.200 80.000
41 2388.0 164.800 80.000
41 2389.0 164.400 80.000
41 2390.0 164.000 80.000
41 2391.0 163.600 80.000
41 2392.0 163.200 80.000
41 2393.0 162.800 80.000
41 2394.0 162.400 80.000
41 2395.0 162.000 80.000
41 2396.0 161.600 80.000
41 2397.0 161.200 80.000
41 2398.0 160.800 80.000
41 2399.0 160.400 80.000
41 2400.0 160.000 80.000
41 2401.0 159.600 80.000
41 2402.0 159.200 80.000
41 2403.0 158.800 80.000
41 2404.0 158.400 80.000
41 2405.0 158.000 80.000
41 2406.0 157.600 80.000
41 2407.0 157.200 80.000
41 2408.0 156.800 80.000
41 2409.0 156.400 80.000
41 2410.0 156.000 80.000
41 2411.0 155.600 80.000
41 2412.0 155.200 80.000
41 2413.0 154.800 80.000
41 2414.0 154.400 80.000
41 2415.0 154.000 80.000
41 2416.0 153.600 80.000
41 2417.0 153.200 80.000
41 2418.0 152.800 80.000
41 2419.0 152.400 80.000
41 2420.0 152.000 80.000
41 2421.0 151.600 80.000
41 2422.0 151.200 80.000
41 2423.0 150.800 80.000
41 2424.0 150.400 80.000
41 2425.0 150.000 80.000
41 2426.0 149.600 80.000
41 2427.0 149.200 80.000
41 2428.0 148.800 80.000
41 2429.0 148.400 80.000
41 2430.0 148.000 80.000
41 2431.0 147.600 80.000
41 2432.0 147.200 80.000
41 2433.0 146.800 80.000
41 2434.0 146.400 80.000
41 2435.0 146.000 80.000
41 2436.0 145.600 80.000
41 2437.0 145.200 80.000
41 2438.0 144.800 80.000
41 2439.0 144.400 80.000
41 2440.0 144.000 80.000
41 2441.0 143.600 80.000
41 2442.0 143.200 80.000
41 2443.0 142.800 80.000
41 2444.0 142.400 80.000
41 2445.0 142.000 80.000
41 2446.0 141.600 80.000
41 2447.0 141.200 80.000
41 2448.0 140.800 80.000
41 2449.0 140.400 80.000
41 2450.0 140.000 80.000
41 2451.0 139.600 80.000
41 2452.0 139.200 80.000
41 2453.0 138.800 80.000
41 2454.0 138.400 80.000
41 2455.0 138.000 80.000
41 2456.0 137.600 80.000
41 2457.0 137.200 80.000
41 2458.0 136.800 80.000
41 2459.0 136.400 80.000
41 2460.0 136.000 80.000
41 2461.0 135.600 80.000
41 2462.0 135.200 80.000
41 2463.0 134.800 80.000
41 2464.0 134.400 80.000
41 2465.0 134.000 80.000
41 2466.0 133.600 80.000
41 2467.0 133.200 80.000
41 2468.0 132.800 80.000
41 2469.0 132.400 80.000
41 2470.0 132.000 80.000
41 2471.0 131.600 80.000
41 2472.0 131.200 80.000
41 2473.0 130.800 80.000
41 2474.0 130.400 80.000
41 2475.0 130.000 80.000
41 2476.0 129.600 80.000
41 2477.0 129.200 80.000
41 2478.0 128.800 80.000
41 2479.0 128.400 80.000
41 2480.0 128.000 80.000
41 2481.0 127.600 80.000
41 2482.0 127.200 80.000
41 2483.0 126.800 80.000
41 2484.0 126.400 80.000
41 2485.0 126.000 80.000
41 2486.0 125.600 80.000
41 2487.0 125.200 80.000
41 2488.0 124.800 80.000
41 2489.0 124.400 80.000
41 2490.0 124.000 80.000
41 2491.0 123.600 80.000
41 2492.0 123.200 80.000
41 2493.0 122.800 80.000
41 2494.0 122.400 80.000
41 2495.0 122.000 80.000
41 2496.0 121.600 80.000
41 2497.0 121.200 80.000
41 2498.0 120.800 80.000
41 2499.0 120.400 80.000
41 2500.0 120.000 80.000
41 2501.0 119.600 80.000
41 2502.0 119.200 80.000
41 2503.0 118.800 80.000
41 2504.0 118.400 80.000
41 2505.0 118.000 80.000
41 2506.0 117.600 80.000
41 2507.0 117.200 80.000
41 2508.0 116.800 80.000
41 2509.0 116.400 80.000
41 2510.0 116.000 80.000
41 2511.0 115.600 80.000
41 2512.0 115.200 80.000
41 2513.0 114.800 80.000
41 2514.0 114.400 80.000
41 2515.0 114.000 80.000
41 2516.0 113.600 80.000
41 2517.0 113.200 80.000
41 2518.0 112.800 80.000
41 2519.0 112.400 80.000
41 2520.0 112.000 80.000
41 2521.0 111.600 80.000
41 2522.0 111.200 80.000
41 2523.0 110.800 80.000
41 2524.0 110.400 80.000
41 2525.0 110.000 80.000
41 2526.0 109.600 80.000
41 2527.0 109.200 80.000
41 2528.0 108.800 80.000
41 2529.0 108.400 80.000
41 2530.0 108.000 80.000
41 2531.0 107.600 80.000
41 2532.0 107.200 80.000
41 2533.0 106.800 80.000
41 2534.0 106.400 80.000
41 2535.0 106.000 80.000
41 2536.0 105.600 80.000
41 2537.0 105.200 80.000
41 2538.0 104.800 80.000
41 2539.0 104.400 80.000
41 2540.0 104.000 80.000
41 2541.0 103.600 80.000
41 2542.0 103.200 80.000
41 2543.0 102.800 80.000
41 2544.0 102.400 80.000
41 2545.0 102.000 80.000
41 2546.0 101.600 80.000
41 2547.0 101.200 80.000
41 2548.0 100.800 80.000
41 2549.0 100.400 80.000
41 2550.0 100.000 80.000
41 2551.0 99.600 80.000
41 2552.0 99.200 80.000
41 2553.0 98.800 80.000
41 2554.0 98.400 80.000
41 2555.0 98.000 80.000
41 2556.0 97.600 80.000
41 2557.0 97.200 80.000
41 2558.0 96.800 80.000
41 2559.0 96.400 80.000
41 2560.0 96.000 80.000
41 2561.0 95.600 80.000
41 2562.0 95.200 80.000
41 2563.0 94.800 80.000
41 2564.0 94.400 80.000
41 2565.0 94.000 80.000
41 2566.0 93.600 80.000
41 2567.0 93.200 80.000
41 2568.0 92.800 80.000
41 2569.0 92.400 80.000
41 2570.0 92.000 80.000
41 2571.0 91.600 80.000
41 2572.0 91.200 80.000
41 2573.0 90.800 80.000
41 2574.0 90.400 80.000
41 2575.0 90.000 80.000
41 2576.0 89.600 80.000
41 2577.0 89.200 80.000
41 2578.0 88.800 80.000
41 2579.0 88.400 80.000
41 2580.0 88.000 80.000
41 2581.0 87.600 80.000
41 2582.0 87.200 80.000
41 2583.0 86.800 80.000
41 2584.0 86.400 80.000
41 2585.0 86.000 80.000
41 2586.0 85.600 80.000
41 2587.0 85.200 80.000
41 2588.0 84.800 80.000
41 2589.0 84.400 80.000
41 2590.0 84.000 80.000
41 2591.0 83.600 80.000
41 2592.0 83.200 80.000
41 2593.0 82.800 80.000
41 2594.0 82.400 80.000
41 2595.0 82.000 80.000
41 2596.0 81.600 80.000
41 2597.0 81.200 80.000
41 2598.0 80.800 80.000
41 2599.0 80.400 80.000
41 2600.0 80.000 80.000
41 2601.0 79.600 80.000
41 2602.0 79.200 80.000
41 2603.0 78.800 80.000
41 2604.0 78.400 80.000
41 2605.0 78.000 80.000
41 2606.0 77.600 80.000
41 2607.0 77.200 80.000
41 2608.0 76.800 80.000
41 2609.0 76.400 80.000
41 2610.0 76.000 80.000
41 2611.0 75.600 80.000
41 2612.0 75.200 80.000
41 2613.0 74.800 80.000
41 2614.0 74.400 80.000
41 2615.0 74.000 80.000
41 2616.0 73.600 80.000
41 2617.0 73.200 80.000
41 2618.0 72.800 80.000
41 2619.0 72.400 80.000
41 2620.0 72.000 80.000
41 2621.0 71.600 80.000
41 2622.0 71.200 80.000
41 2623.0 70.800 80.000
41 2624.0 70.400 80.000
41 2625.0 70.000 80.000
41 2626.0 69.600 80.000
41 2627.0 69.200 80.000
41 2628.0 68.800 80.000
41 2629.0 68.400 80.000
41 2630.0 68.000 80.000
41 2631.0 67.600 80.000
41 2632.0 67.200 80.000
41 2633.0 66.800 80.000
41 2634.0 66.400 80.000
41 2635.0 66.000 80.000
41 2636.0 65.600 80.000
41 2637.0 65.200 80.000
41 2638.0 64.800 80.000
41 2639.0 64.400 80.000
41 2640.0 64.000 80.000
41 2641.0 63.600 80.000
41 2642.0 63.200 80.000
41 2643.0 62.800 80.000
41 2644.0 62.400 80.000
41 2645.0 62.000 80.000
41 2646.0 61.600 80.000
41 2647.0 61.200 80.000
41 2648.0 60.800 80.000
41 2649.0 60.400 80.000
41 2650.0 60.000 80.000
41 2651.0 59.600 80.000
41 2652.0 59.200 80.000
41 2653.0 58.800 80.000
41 2654.0 58.400 80.000
41 2655.0 58.000 80.000
41 2656.0 57.600 80.000
41 2657.0 57.200 80.000
41 2658.0 56.800 80.000
41 2659.0 56.400 80.000
41 2660.0 56.000 80.000
41 2661.0 55.600 80.000
41 2662.0 55.200 80.000
41 2663.0 54.800 80.000
41 2664.0 54.400 80.000
41 2665.0 54.000 80.000
41 2666.0 53.600 80.000
41 2667.0 53.200 80.000
41 2668.0 52.800 80.000
41 2669.0 52.400 80.000
41 2670.0 52.000 80.000
41 2671.0 51.600 80.000
41 2672.0 51.200 80.000
41 2673.0 50.800 80.000
41 2674.0 50.400 80.000
41 2675.0 50.000 80.000
41 2676.0 49.600 80.000
41 2677.0 49.200 80.000
41 2678.0 48.800 80.000
41 2679.0 48.400 80.000
41 2680.0 48.000 80.000
41 2681.0 47.600 80.000
41 2682.0 47.200 80.000
41 2683.0 46.800 80.000
41 2684.0 46.400 80.000
41 2685.0 46.000 80.000
41 2686.0 45.600 80.000
41 2687.0 45.200 80.000
41 2688.0 44.800 80.000
41 2689.0 44.400 80.000
41 2690.0 44.000 80.000
41 2691.0 43.600 80.000
41 2692.0 43.200 80.000
41 2693.0 42.800 80.000
41 2694.0 42.400 80.000
41 2695.0 42.000 80.000
41 2696.0 41.600 80.000
41 2697.0 41.200 80.000
41 2698.0 40.800 80.000
41 2699.0 40.400 80.000
41 2700.0 40.000 80.000
41 2701.0 39.600 80.000
41 2702.0 39.200 80.000
41 2703.0 38.800 80.000
41 2704.0 38.400 80.000
41 2705.0 38.000 80.000
41 2706.0 37.600 80.000
41 2707.0 37.200 80.000
41 2708.0 36.800 80.000
41 2709.0 36.400 80.000
41 2710.0 36.000 80.000
41 2711.0 35.600 80.000
41 2712.0 35.200 80.000
41 2713.0 34.800 80.000
41 2714.0 34.400 80.000
41 2715.0 34.000 80.000
41 2716.0 33.600 80.000
41 2717.0 33.200 80.000
41 2718.0 32.800 80.000
41 2719.0 32.400 80.000
41 2720.0 32.000 80.000
41 2721.0 31.600 80.000
41 2722.0 31.200 80.000
41 2723.0 30.800 80.000
41 2724.0 30.400 80.000
41 2725.0 30.000 80.000
41 2726.0 29.600 80.000
41 2727.0 29.200 80.000
41 2728.0 28.800 80.000
41 2729.0 28.400 80.000
41 2730.0 28.000 80.000
41 2731.0 27.600 80.000
41 2732.0 27.200 80.000
41 2733.0 26.800 80.000
41 2734.0 26.400 80.000
41 2735.0 26.000 80.000
41 2736.0 25.600 80.000
41 2737.0 25.200 80.000
41 2738.0 24.800 80.000
41 2739.0 24.400 80.000
41 2740.0 24.000 80.000
41 2741.0 23.600 80.000
41 2742.0 23.200 80.000
41 2743.0 22.800 80.000
41 2744.0 22.400 80.000
41 2745.0 22.000 80.000
41 2746.0 21.600 80.000
41 2747.0 21.200 80.000
41 2748.0 20.800 80.000
41 2749.0 20.400 80.000
41 2750.0 20.000 80.000
41 2751.0 19.600 80.000
41 2752.0 19.200 80.000
41 2753.0 18.800 80.000
41 2754.0 18.400 80.000
41 2755.0 18.000 80.000
41 2756.0 17.600 80.000
41 2757.0 17.200 80.000
41 2758.0 16.800 80.000
41 2759.0 16.400 80.000
41 2760.0 16.000 80.000
41 2761.0 15.600 80.000
41 2762.0 15.200 80.000
41 2763.0 14.800 80.000
41 2764.0 14.400 80.000
41 2765.0 14.000 80.000
41 2766.0 13.600 80.000
41 2767.0 13.200 80.000
41 2768.0 12.800 80.000
41 2769.0 12.400 80.000
41 2770.0 12.000 80.000
41 2771.0 11.600 80.000
41 2772.0 11.200 80.000
41 2773.0 10.800 80.000
41 2774.0 10.400 80.000
41 2775.0 10.000 80.000
41 2776.0 10.000 80.400
41 2777.0 10.000 80.800
41 2778.0 10.000 81.200
41 2779.0 10.000 81.600
41 2780.0 10.000 82.000
41 2781.0 10.000 82.400
41 2782.0 10.000 82.800
41 2783.0 10.000 83.200
41 2784.0 10.000 83.600
41 2785.0 10.000 84.000
41 2786.0 10.000 84.400
41 2787.0 10.000 84.800
41 2788.0 10.000 85.200
41 2789.0 10.000 85.600
41 2790.0 10.000 86.000
41 2791.0 10.000 86.400
41 2792.0 10.000 86.800
41 2793.0 10.000 87.200
41 2794.0 10.000 87.600
41 2795.0 10.000 88.000
41 2796.0 10.000 88.400
41 2797.0 10.000 88.800
41 2798.0 10.000 89.200
41 2799.0 10.000 89.600
41 2800.0 10.000 90.000
41 2801.0 10.000 90.400
41 2802.0 10.000 90.800
41 2803.0 10.000 91.200
41 2804.0 10.000 91.600
41 2805.0 10.000 92.000
41 2806.0 10.000 92.400
41 2807.0 10.000 92.800
41 2808.0 10.000 93.200
41 2809.0 10.000 93.600
41 2810.0 10.000 94.000
41 2811.0 10.000 94.400
41 2812.0 10.000 94.800
41 2813.0 10.000 95.200
41 2814.0 10.000 95.600
41 2815.0 10.000 96.000
41 2816.0 10.000 96.400
41 2817.0 10.000 96.800
41 2818.0 10.000 97.200
41 2819.0 10.000 97.600
41 2820.0 10.000 98.000
41 2821.0 10.000 98.400
41 2822.0 10.000 98.800
41 2823.0 10.000 99.200
41 2824.0 10.000 99.600
41 2825.0 10.000 100.000
41 2826.0 10.000 100.400
41 2827.0 10.000 100.800
41 2828.0 10.000 101.200
41 2829.0 10.000 101.600
41 2830.0 10.000 102.000
41 2831.0 10.000 102.400
41 2832.0 10.000 102.800
41 2833.0 10.000 103.200
41 2834.0 10.000 103.600
41 2835.0 10.000 104.000
41 2836.0 10.000 104.400
41 2837.0 10.000 104.800
41 2838.0 10.000 105.200
41 2839.0 10.000 105.600
41 2840.0 10.000 106.000
41 2841.0 10.000 106.400
41 2842.0 10.000 106.800
41 2843.0 10.000 107.200
41 2844.0 10.000 107.600
41 2845.0 10.000 108.000
41 2846.0 10.000 108.400
41 2847.0 10.000 108.800
41 2848.0 10.000 109.200
41 2849.0 10.000 109.600
41 2850.0 10.000 110.000
41 2851.0 10.000 110.400
41 2852.0 10.000 110.800
41 2853.0 10.000 111.200
41 2854.0 10.000 111.600
41 2855.0 10.000 112.000
41 2856.0 10.000 112.400
41 2857.0 10.000 112.800
41 2858.0 10.000 113.200
41 2859.0 10.000 113.600
41 2860.0 10.000 114.000
41 2861.0 10.000 114.400
41 2862.0 10.000 114.800
41 2863.0 10.000 115.200
41 2864.0 10.000 115.600
41 2865.0 10.000 116.000
41 2866.0 10.000 116.400
41 2867.0 10.000 116.800
41 2868.0 10.000 117.200
41 2869.0 10.000 117.600
41 2870.0 10.000 118.000
41 2871.0 10.000 118.400
41 2872.0 10.000 118.800
41 2873.0 10.000 119.200
41 2874.0 10.000 119.600
41 2875.0 10.000 120.000
41 2876.0 10.000 120.400
41 2877.0 10.000 120.800
41 2878.0 10.000 121.200
41 2879.0 10.000 121.600
41 2880.0 10.000 122.000
41 2881.0 10.000 122.400
41 2882.0 10.000 122.800
41 2883.0 10.000 123.200
41 2884.0 10.000 123.600
41 2885.0 10.000 124.000
41 2886.0 10.000 124.400
41 2887.0 10.000 124.800
41 2888.0 10.000 125.200
41 2889.0 10.000 125.600
41 2890.0 10.000 126.000
41 2891.0 10.000 126.400
41 2892.0 10.000 126.800
41 2893.0 10.000 127.200
41 2894.0 10.000 127.600
41 2895.0 10.000 128.000
41 2896.0 10.000 128.400
41 2897.0 10.000 128.800
41 2898.0 10.000 129.200
41 2899.0 10.000 129.600
41 2900.0 10.000 130.000
41 2901.0 10.000 130.400
41 2902.0 10.000 130.800
41 2903.0 10.000 131.200
41 2904.0 10.000 131.600
41 2905.0 10.000 132.000
41 2906.0 10.000 132.400
41 2907.0 10.000 132.800
41 2908.0 10.000 133.200
41 2909.0 10.000 133.600
41 2910.0 10.000 134.000
41 2911.0 10.000 134.400
41 2912.0 10.000 134.800
41 2913.0 10.000 135.200
41 2914.0 10.000 135.600
41 2915.0 10.000 136.000
41 2916.0 10.000 136.400
41 2917.0 10.000 136.800
41 2918.0 10.000 137.200
41 2919.0 10.000 137.600
41 2920.0 10.000 138.000
41 2921.0 10.000 138.400
41 2922.0 10.000 138.800
41 2923.0 10.000 139.200
41 2924.0 10.000 139.600
41 2925.0 10.000 140.000
41 2926.0 10.000 140.400
41 2927.0 10.000 140.800
41 2928.0 10.000 141.200
41 2929.0 10.000 141.600
41 2930.0 10.000 142.000
41 2931.0 10.000 142.400
41 2932.0 10.000 142.800
41 2933.0 10.000 143.200
41 2934.0 10.000 143.600
41 2935.0 10.000 144.000
41 2936.0 10.000 144.400
41 2937.0 10.000 144.800
41 2938.0 10.000 145.200
41 2939.0 10.000 145.600
41 2940.0 10.000 146.000
41 2941.0 10.000 146.400
41 2942.0 10.000 146.800
41 2943.0 10.000 147.200
41 2944.0 10.000 147.600
41 2945.0 10.000 148.000
41 2946.0 10.000 148.400
41 2947.0 10.000 148.800
41 2948.0 10.000 149.200
41 2949.0 10.000 149.600
41 2950.0 10.000 150.000
41 2951.0 10.400 150.000
41 2952.0 10.800 150.000
41 2953.0 11.200 150.000
41 2954.0 11.600 150.000
41 2955.0 12.000 150.000
41 2956.0 12.400 150.000
41 2957.0 12.800 150.000
41 2958.0 13.200 150.000
41 2959.0 13.600 150.000
41 2960.0 14.000 150.000
41 2961.0 14.400 150.000
41 2962.0 14.800 150.000
41 2963.0 15.200 150.000
41 2964.0 15.600 150.000
41 2965.0 16.000 150.000
41 2966.0 16.400 150.000
41 2967.0 16.800 150.000
41 2968.0 17.200 150.000
41 2969.0 17.600 150.000
41 2970.0 18.000 150.000
41 2971.0 18.400 150.000
41 2972.0 18.800 150.000
41 2973.0 19.200 150.000
41 2974.0 19.600 150.000
41 2975.0 20.000 150.000
41 2976.0 20.400 150.000
41 2977.0 20.800 150.000
41 2978.0 21.200 150.000
41 2979.0 21.600 150.000
41 2980.0 22.000 150.000
41 2981.0 22.400 150.000
41 2982.0 22.800 150.000
41 2983.0 23.200 150.000
41 2984.0 23.600 150.000
41 2985.0 24.000 150.000
41 2986.0 24.400 150.000
41 2987.0 24.800 150.000
41 2988.0 25.200 150.000
41 2989.0 25.600 150.000
41 2990.0 26.000 150.000
41 2991.0 26.400 150.000
41 2992.0 26.800 150.000
41 2993.0 27.200 150.000
41 2994.0 27.600 150.000
41 2995.0 28.000 150.000
41 2996.0 28.400 150.000
41 2997.0 28.800 150.000
41 2998.0 29.200 150.000
41 2999.0 29.600 150.000
41 3000.0 30.000 150.000
41 3001.0 30.400 150.000
41 3002.0 30.800 150.000
41 3003.0 31.200 150.000
41 3004.0 31.600 150.000
41 3005.0 32.000 150.000
41 3006.0 32.400 150.000
41 3007.0 32.800 150.000
41 3008.0 33.200 150.000
41 3009.0 33.600 150.000
41 3010.0 34.000 150.000
41 3011.0 34.400 150.000
41 3012.0 34.800 150.000
41 3013.0 35.200 150.000
41 3014.0 35.600 150.000
41 3015.0 36.000 150.000
41 3016.0 36.400 150.000
41 3017.0 36.800 150.000
41 3018.0 37.200 150.000
41 3019.0 37.600 150.000
41 3020.0 38.000 150.000
41 3021.0 38.400 150.000
41 3022.0 38.800 150.000
41 3023.0 39.200 150.000
41 3024.0 39.600 150.000
41 3025.0 40.000 150.000
41 3026.0 40.400 150.000
41 3027.0 40.800 150.000
41 3028.0 41.200 150.000
41 3029.0 41.600 150.000
41 3030.0 42.000 150.000
41 3031.0 42.400 150.000
41 3032.0 42.800 150.000
41 3033.0 43.200 150.000
41 3034.0 43.600 150.000
41 3035.0 44.000 150.000
41 3036.0 44.400 150.000
41 3037.0 44.800 150.000
41 3038.0 45.200 150.000
41 3039.0 45.600 150.000
41 3040.0 46.000 150.000
41 3041.0 46.400 150.000
41 3042.0 46.800 150.000
41 3043.0 47.200 150.000
41 3044.0 47.600 150.000
41 3045.0 48.000 150.000
41 3046.0 48.400 150.000
41 3047.0 48.800 150.000
41 3048.0 49.200 150.000
41 3049.0 49.600 150.000
41 3050.0 50.000 150.000
41 3051.0 50.400 150.000
41 3052.0 50.800 150.000
41 3053.0 51.200 150.000
41 3054.0 51.600 150.000
41 3055.0 52.000 150.000
41 3056.0 52.400 150.000
41 3057.0 52.800 150.000
41 3058.0 53.200 150.000
41 3059.0 53.600 150.000
41 3060.0 54.000 150.000
41 3061.0 54.400 150.000
41 3062.0 54.800 150.000
41 3063.0 55.200 150.000
41 3064.0 55.600 150.000
41 3065.0 56.000 150.000
41 3066.0 56.400 150.000
41 3067.0 56.800 150.000
41 3068.0 57.200 150.000
41 3069.0 57.600 150.000
41 3070.0 58.000 150.000
41 3071.0 58.400 150.000
41 3072.0 58.800 150.000
41 3073.0 59.200 150.000
41 3074.0 59.600 150.000
41 3075.0 60.000 150.000
41 3076.0 60.400 150.000
41 3077.0 60.800 150.000
41 3078.0 61.200 150.000
41 3079.0 61.600 150.000
41 3080.0 62.000 150.000
41 3081.0 62.400 150.000
41 3082.0 62.800 150.000
41 3083.0 63.200 150.000
41 3084.0 63.600 150.000
41 3085.0 64.000 150.000
41 3086.0 64.400 150.000
41 3087.0 64.800 150.000
41 3088.0 65.200 150.000
41 3089.0 65.600 150.000
41 3090.0 66.000 150.000
41 3091.0 66.400 150.000
41 3092.0 66.800 150.000
41 3093.0 67.200 150.000
41 3094.0 67.600 150.000
41 3095.0 68.000 150.000
41 3096.0 68.400 150.000
41 3097.0 68.800 150.000
41 3098.0 69.200 150.000
41 3099.0 69.600 150.000
41 3100.0 70.000 150.000
41 3101.0 70.400 150.000
41 3102.0 70.800 150.000
41 3103.0 71.200 150.000
41 3104.0 71.600 150.000
41 3105.0 72.000 150.000
41 3106.0 72.400 150.000
41 3107.0 72.800 150.000
41 3108.0 73.200 150.000
41 3109.0 73.600 150.000
41 3110.0 74.000 150.000
41 3111.0 74.400 150.000
41 3112.0 74.800 150.000
41 3113.0 75.200 150.000
41 3114.0 75.600 150.000
41 3115.0 76.000 150.000
41 3116.0 76.400 150.000
41 3117.0 76.800 150.000
41 3118.0 77.200 150.000
41 3119.0 77.600 150.000
41 3120.0 78.000 150.000
41 3121.0 78.400 150.000
41 3122.0 78.800 150.000
41 3123.0 79.200 150.000
41 3124.0 79.600 150.000
41 3125.0 80.000 150.000
41 3126.0 80.400 150.000
41 3127.0 80.800 150.000
41 3128.0 81.200 150.000
41 3129.0 81.600 150.000
41 3130.0 82.000 150.000
41 3131.0 82.400 150.000
41 3132.0 82.800 150.000
41 3133.0 83.200 150.000
41 3134.0 83.600 150.000
41 3135.0 84.000 150.000
41 3136.0 84.400 150.000
41 3137.0 84.800 150.000
41 3138.0 85.200 150.000
41 3139.0 85.600 150.000
41 3140.0 86.000 150.000
41 3141.0 86.400 150.000
41 3142.0 86.800 150.000
41 3143.0 87.200 150.000
41 3144.0 87.600 150.000
41 3145.0 88.000 150.000
41 3146.0 88.400 150.000
41 3147.0 88.800 150.000
41 3148.0 89.200 150.000
41 3149.0 89.600 150.000
41 3150.0 90.000 150.000
41 3151.0 90.400 150.000
41 3152.0 90.800 150.000
41 3153.0 91.200 150.000
41 3154.0 91.600 150.000
41 3155.0 92.000 150.000
41 3156.0 92.400 150.000
41 3157.0 92.800 150.000
41 3158.0 93.200 150.000
41 3159.0 93.600 150.000
41 3160.0 94.000 150.000
41 3161.0 94.400 150.000
41 3162.0 94.800 150.000
41 3163.0 95.200 150.000
41 3164.0 95.600 150.000
41 3165.0 96.000 150.000
41 3166.0 96.400 150.000
41 3167.0 96.800 150.000
41 3168.0 97.200 150.000
41 3169.0 97.600 150.000
41 3170.0 98.000 150.000
41 3171.0 98.400 150.000
41 3172.0 98.800 150.000
41 3173.0 99.200 150.000
41 3174.0 99.600 150.000
41 3175.0 100.000 150.000
41 3176.0 100.400 150.000
41 3177.0 100.800 150.000
41 3178.0 101.200 150.000
41 3179.0 101.600 150.000
41 3180.0 102.000 150.000
41 3181.0 102.400 150.000
41 3182.0 102.800 150.000
41 3183.0 103.200 150.000
41 3184.0 103.600 150.000
41 3185.0 104.000 150.000
41 3186.0 104.400 150.000
41 3187.0 104.800 150.000
41 3188.0 105.200 150.000
41 3189.0 105.600 150.000
41 3190.0 106.000 150.000
41 3191.0 106.400 150.000
41 3192.0 106.800 150.000
41 3193.0 107.200 150.000
41 3194.0 107.600 150.000
41 3195.0 108.000 150.000
41 3196.0 108.400 150.000
41 3197.0 108.800 150.000
41 3198.0 109.200 150.000
41 3199.0 109.600 150.000
41 3200.0 110.000 150.000
41 3201.0 110.400 150.000
41 3202.0 110.800 150.000
41 3203.0 111.200 150.000
41 3204.0 111.600 150.000
41 3205.0 112.000 150.000
41 3206.0 112.400 150.000
41 3207.0 112.800 150.000
41 3208.0 113.200 150.000
41 3209.0 113.600 150.000
41 3210.0 114.000 150.000
41 3211.0 114.400 150.000
41 3212.0 114.800 150.000
41 3213.0 115.200 150.000
41 3214.0 115.600 150.000
41 3215.0 116.000 150.000
41 3216.0 116.400 150.000
41 3217.0 116.800 150.000
41 3218.0 117.200 150.000
41 3219.0 117.600 150.000
41 3220.0 118.000 150.000
41 3221.0 118.400 150.000
41 3222.0 118.800 150.000
41 3223.0 119.200 150.000
41 3224.0 119.600 150.000
41 3225.0 120.000 150.000
41 3226.0 120.400 150.000
41 3227.0 120.800 150.000
41 3228.0 121.200 150.000
41 3229.0 121.600 150.000
41 3230.0 122.000 150.000
41 3231.0 122.400 150.000
41 3232.0 122.800 150.000
41 3233.0 123.200 150.000
41 3234.0 123.600 150.000
41 3235.0 124.000 150.000
41 3236.0 124.400 150.000
41 3237.0 124.800 150.000
41 3238.0 125.200 150.000
41 3239.0 125.600 150.000
41 3240.0 126.000 150.000
41 3241.0 126.400 150.000
41 3242.0 126.800 150.000
41 3243.0 127.200 150.000
41 3244.0 127.600 150.000
41 3245.0 128.000 150.000
41 3246.0 128.400 150.000
41 3247.0 128.800 150.000
41 3248.0 129.200 150.000
41 3249.0 129.600 150.000
41 3250.0 130.000 150.000
41 3251.0 130.400 150.000
41 3252.0 130.800 150.000
41 3253.0 131.200 150.000
41 3254.0 131.600 150.000
41 3255.0 132.000 150.000
41 3256.0 132.400 150.000
41 3257.0 132.800 150.000
41 3258.0 133.200 150.000
41 3259.0 133.600 150.000
41 3260.0 134.000 150.000
41 3261.0 134.400 150.000
41 3262.0 134.800 150.000
41 3263.0 135.200 150.000
41 3264.0 135.600 150.000
41 3265.0 136.000 150.000
41 3266.0 136.400 150.000
41 3267.0 136.800 150.000
41 3268.0 137.200 150.000
41 3269.0 137.600 150.000
41 3270.0 138.000 150.000
41 3271.0 138.400 150.000
41 3272.0 138.800 150.000
41 3273.0 139.200 150.000
41 3274.0 139.600 150.000
41 3275.0 140.000 150.000
41 3276.0 140.400 150.000
41 3277.0 140.800 150.000
41 3278.0 141.200 150.000
41 3279.0 141.600 150.000
41 3280.0 142.000 150.000
41 3281.0 142.400 150.000
41 3282.0 142.800 150.000
41 3283.0 143.200 150.000
41 3284.0 143.600 150.000
41 3285.0 144.000 150.000
41 3286.0 144.400 150.000
41 3287.0 144.800 150.000
41 3288.0 145.200 150.000
41 3289.0 145.600 150.000
41 3290.0 146.000 150.000
41 3291.0 146.400 150.000
41 3292.0 146.800 150.000
41 3293.0 147.200 150.000
41 3294.0 147.600 150.000
41 3295.0 148.000 150.000
41 3296.0 148.400 150.000
41 3297.0 148.800 150.000
41 3298.0 149.200 150.000
41 3299.0 149.600 150.000
41 3300.0 150.000 150.000
41 3301.0 150.400 150.000
41 3302.0 150.800 150.000
41 3303.0 151.200 150.000
41 3304.0 151.600 150.000
41 3305.0 152.000 150.000
41 3306.0 152.400 150.000
41 3307.0 152.800 150.000
41 3308.0 153.200 150.000
41 3309.0 153.600 150.000
41 3310.0 154.000 150.000
41 3311.0 154.400 150.000
41 3312.0 154.800 150.000
41 3313.0 155.200 150.000
41 3314.0 155.600 150.000
41 3315.0 156.000 150.000
41 3316.0 156.400 150.000
41 3317.0 156.800 150.000
41 3318.0 157.200 150.000
41 3319.0 157.600 150.000
41 3320.0 158.000 150.000
41 3321.0 158.400 150.000
41 3322.0 158.800 150.000
41 3323.0 159.200 150.000
41 3324.0 159.600 150.000
41 3325.0 160.000 150.000
41 3326.0 160.400 150.000
41 3327.0 160.800 150.000
41 3328.0 161.200 150.000
41 3329.0 161.600 150.000
41 3330.0 162.000 150.000
41 3331.0 162.400 150.000
41 3332.0 162.800 150.000
41 3333.0 163.200 150.000
41 3334.0 163.600 150.000
41 3335.0 164.000 150.000
41 3336.0 164.400 150.000
41 3337.0 164.800 150.000
41 3338.0 165.200 150.000
41 3339.0 165.600 150.000
41 3340.0 166.000 150.000
41 3341.0 166.400 150.000
41 3342.0 166.800 150.000
41 3343.0 167.200 150.000
41 3344.0 167.600 150.000
41 3345.0 168.000 150.000
41 3346.0 168.400 150.000
41 3347.0 168.800 150.000
41 3348.0 169.200 150.000
41 3349.0 169.600 150.000
41 3350.0 170.000 150.000
41 3351.0 170.400 150.000
41 3352.0 170.800 150.000
41 3353.0 171.200 150.000
41 3354.0 171.600 150.000
41 3355.0 172.000 150.000
41 3356.0 172.400 150.000
41 3357.0 172.800 150.000
41 3358.0 173.200 150.000
41 3359.0 173.600 150.000
41 3360.0 174.000 150.000
41 3361.0 174.400 150.000
41 3362.0 174.800 150.000
41 3363.0 175.200 150.000
41 3364.0 175.600 150.000
41 3365.0 176.000 150.000
41 3366.0 176.400 150.000
41 3367.0 176.800 150.000
41 3368.0 177.200 150.000
41 3369.0 177.600 150.000
41 3370.0 178.000 150.000
41 3371.0 178.400 150.000
41 3372.0 178.800 150.000
41 3373.0 179.200 150.000
41 3374.0 179.600 150.000
41 3375.0 180.000 150.000
41 3376.0 180.400 150.000
41 3377.0 180.800 150.000
41 3378.0 181.200 150.000
41 3379.0 181.600 150.000
41 3380.0 182.000 150.000
41 3381.0 182.400 150.000
41 3382.0 182.800 150.000
41 3383.0 183.200 150.000
41 3384.0 183.600 150.000
41 3385.0 184.000 150.000
41 3386.0 184.400 150.000
41 3387.0 184.800 150.000
41 3388.0 185.200 150.000
41 3389.0 185.600 150.000
41 3390.0 186.000 150.000
41 3391.0 186.400 150.000
41 3392.0 186.800 150.000
41 3393.0 187.200 150.000
41 3394.0 187.600 150.000
41 3395.0 188.000 150.000
41 3396.0 188.400 150.000
41 3397.0 188.800 150.000
41 3398.0 189.200 150.000
41 3399.0 189.600 150.000
41 3400.0 190.000 150.000
41 3401.0 190.400 150.000
41 3402.0 190.800 150.000
41 3403.0 191.200 150.000
41 3404.0 191.600 150.000
41 3405.0 192.000 150.000
41 3406.0 192.400 150.000
41 3407.0 192.800 150.000
41 3408.0 193.200 150.000
41 3409.0 193.600 150.000
41 3410.0 194.000 150.000
41 3411.0 194.400 150.000
41 3412.0 194.800 150.000
41 3413.0 195.200 150.000
41 3414.0 195.600 150.000
41 3415.0 196.000 150.000
41 3416.0 196.400 150.000
41 3417.0 196.800 150.000
41 3418.0 197.200 150.000
41 3419.0 197.600 150.000
41 3420.0 198.000 150.000
41 3421.0 198.400 150.000
41 3422.0 198.800 150.000
41 3423.0 199.200 150.000
41 3424.0 199.600 150.000
41 3425.0 200.000 150.000
41 3426.0 200.400 150.000
41 3427.0 200.800 150.000
41 3428.0 201.200 150.000
41 3429.0 201.600 150.000
41 3430.0 202.000 150.000
41 3431.0 202.400 150.000
41 3432.0 202.800 150.000
41 3433.0 203.200 150.000
41 3434.0 203.600 150.000
41 3435.0 204.000 150.000
41 3436.0 204.400 150.000
41 3437.0 204.800 150.000
41 3438.0 205.200 150.000
41 3439.0 205.600 150.000
41 3440.0 206.000 150.000
41 3441.0 206.400 150.000
41 3442.0 206.800 150.000
41 3443.0 207.200 150.000
41 3444.0 207.600 150.000
41 3445.0 208.000 150.000
41 3446.0 208.400 150.000
41 3447.0 208.800 150.000
41 3448.0 209.200 150.000
41 3449.0 209.600 150.000
41 3450.0 210.000 150.000
41 3451.0 210.400 150.000
41 3452.0 210.800 150.000
41 3453.0 211.200 150.000
41 3454.0 211.600 150.000
41 3455.0 212.000 150.000
41 3456.0 212.400 150.000
41 3457.0 212.800 150.000
41 3458.0 213.200 150.000
41 3459.0 213.600 150.000
41 3460.0 214.000 150.000
41 3461.0 214.400 150.000
41 3462.0 214.800 150.000
41 3463.0 215.200 150.000
41 3464.0 215.600 150.000
41 3465.0 216.000 150.000
41 3466.0 216.400 150.000
41 3467.0 216.800 150.000
41 3468.0 217.200 150.000
41 3469.0 217.600 150.000
41 3470.0 218.000 150.000
41 3471.0 218.400 150.000
41 3472.0 218.800 150.000
41 3473.0 219.200 150.000
41 3474.0 219.600 150.000
41 3475.0 220.000 150.000
41 3476.0 220.400 150.000
41 3477.0 220.800 150.000
41 3478.0 221.200 150.000
41 3479.0 221.600 150.000
41 3480.0 222.000 150.000
41 3481.0 222.400 150.000
41 3482.0 222.800 150.000
41 3483.0 223.200 150.000
41 3484.0 223.600 150.000
41 3485.0 224.000 150.000
41 3486.0 224.400 150.000
41 3487.0 224.800 150.000
41 3488.0 225.200 150.000
41 3489.0 225.600 150.000
41 3490.0 226.000 150.000
41 3491.0 226.400 150.000
41 3492.0 226.800 150.000
41 3493.0 227.200 150.000
41 3494.0 227.600 150.000
41 3495.0 228.000 150.000
41 3496.0 228.400 150.000
41 3497.0 228.800 150.000
41 3498.0 229.200 150.000
41 3499.0 229.600 150.000
41 3500.0 230.000 150.000
41 3501.0 230.400 150.000
41 3502.0 230.800 150.000
41 3503.0 231.200 150.000
41 3504.0 231.600 150.000
41 3505.0 232.000 150.000
41 3506.0 232.400 150.000
41 3507.0 232.800 150.000
41 3508.0 233.200 150.000
41 3509.0 233.600 150.000
41 3510.0 234.000 150.000
41 3511.0 234.400 150.000
41 3512.0 234.800 150.000
41 3513.0 235.200 150.000
41 3514.0 235.600 150.000
41 3515.0 236.000 150.000
41 3516.0 236.400 150.000
41 3517.0 236.800 150.000
41 3518.0 237.200 150.000
41 3519.0 237.600 150.000
41 3520.0 238.000 150.000
41 3521.0 238.400 150.000
41 3522.0 238.800 150.000
41 3523.0 239.200 150.000
41 3524.0 239.600 150.000
41 3525.0 240.000 150.000
41 3526.0 240.400 150.000
41 3527.0 240.800 150.000
41 3528.0 241.200 150.000
41 3529.0 241.600 150.000
41 3530.0 242.000 150.000
41 3531.0 242.400 150.000
41 3532.0 242.800 150.000
41 3533.0 243.200 150.000
41 3534.0 243.600 150.000
41 3535.0 244.000 150.000
41 3536.0 244.400 150.000
41 3537.0 244.800 150.000
41 3538.0 245.200 150.000
41 3539.0 245.600 150.000
41 3540.0 246.000 150.000
41 3541.0 246.400 150.000
41 3542.0 246.800 150.000
41 3543.0 247.200 150.000
41 3544.0 247.600 150.000
41 3545.0 248.000 150.000
41 3546.0 248.400 150.000
41 3547.0 248.800 150.000
41 3548.0 249.200 150.000
41 3549.0 249.600 150.000
41 3550.0 250.000 150.000
41 3551.0 250.400 150.000
41 3552.0 250.800 150.000
41 3553.0 251.200 150.000
41 3554.0 251.600 150.000
41 3555.0 252.000 150.000
41 3556.0 252.400 150.000
41 3557.0 252.800 150.000
41 3558.0 253.200 150.000
41 3559.0 253.600 150.000
41 3560.0 254.000 150.000
41 3561.0 254.400 150.000
41 3562.0 254.800 150.000
41 3563.0 255.200 150.000
41 3564.0 255.600 150.000
41 3565.0 256.000 150.000
41 3566.0 256.400 150.000
41 3567.0 256.800 150.000
41 3568.0 257.200 150.000
41 3569.0 257.600 150.000
41 3570.0 258.000 150.000
41 3571.0 258.400 150.000
41 3572.0 258.800 150.000
41 3573.0 259.200 150.000
41 3574.0 259.600 150.000
41 3575.0 260.000 150.000
41 3576.0 260.400 150.000
41 3577.0 260.800 150.000
41 3578.0 261.200 150.000
41 3579.0 261.600 150.000
41 3580.0 262.000 150.000
41 3581.0 262.400 150.000
41 3582.0 262.800 150.000
41 3583.0 263.200 150.000
41 3584.0 263.600 150.000
41 3585.0 264.000 150.000
41 3586.0 264.400 150.000
41 3587.0 264.800 150.000
41 3588.0 265.200 150.000
41 3589.0 265.600 150.000
41 3590.0 266.000 150.000
41 3591.0 266.400 150.000
41 3592.0 266.800 150.000
41 3593.0 267.200 150.000
41 3594.0 267.600 150.000
41 3595.0 268.000 150.000
41 3596.0 268.400 150.000
41 3597.0 268.800 150.000
41 3598.0 269.200 150.000
41 3599.0 269.600 150.000
41 3600.0 270.000 150.000
41 3600.0 -100.000 -100.000
